0 0.6984375 0.06484375 0.215625 0.1296875
0 0.39609375 0.053125 0.2546875 0.10625
0 0.66484375 0.1703125 0.11090087890625 0.10941162109375
0 0.6859375 0.2546875 0.15625 0.0875
0 0.6828125 0.39921875 0.15 0.0984375
0 0.66953125 0.58359375 0.1234375 0.1703125
0 0.34765625 0.5359375 0.1578125 0.265625
0 0.36484375 0.1875 0.1921875 0.03125
0 0.36640625 0.31171875 0.1953125 0.0671875
0 0.3703125 0.39375 0.203125 0.03125
0 0.1859375 0.76171875 0.165625 0.1859375
0 0.18203125 0.85859375 0.1734375 0.2828125
0 0.909375 0.96328125 0.18125 0.0734375