0 0.04296875 0.0421875 0.0859375 0.084375
0 0.17265625 0.215625 0.14847412109375 0.14996337890625
0 0.8625 0.05390625 0.275 0.1078125
0 0.86171875 0.1 0.2765625 0.2
0 0.80703125 0.15 0.3859375 0.109375
0 0.271875 0.70625 0.134375 0.159375
0 0.73125 0.7296875 0.2687042236328125 0.2687042236328125
0 0.73359375 0.83125 0.4421875 0.0468505859375
0 0.73046875 0.9125 0.2609375 0.175
0 0.7328125 0.95 0.275 0.1
0 0.35078125 0.71953125 0.0234375 0.1140625
0 0.36796875 0.82109375 0.0578125 0.0421875
0 0.36796875 0.92265625 0.0578125 0.0421875