0 0.28984375 0.075 0.1672119140625 0.109375
0 0.290625 0.0734375 0.153125 0.146875
0 0.290625 0.07421875 0.13753662109375 0.13905029296875
0 0.1265625 0.4484375 0.253125 0.203125
0 0.0796875 0.60390625 0.159375 0.1078125
0 0.06640625 0.61171875 0.1328125 0.1234375
0 0.30859375 0.615625 0.04222412109375 0.04371337890625
0 0.41796875 0.5953125 0.0828125 0.090625
0 0.40625 0.5953125 0.059375 0.090625
0 0.0484375 0.8265625 0.096875 0.196875
0 0.290625 0.896875 0.171875 0.20625
0 0.04453125 0.95390625 0.0890625 0.0921875
0 0.95703125 0.8703125 0.0859375 0.246875
0 0.90234375 0.9609375 0.1953125 0.0375