0 0.2765625 0.35625 0.2 0.203125
0 0.2578125 0.08125 0.3375 0.040625
0 0.25625 0.20546875 0.34375 0.0890625
0 0.25234375 0.2875 0.2078125 0.209375
0 0.90859375 0.0734375 0.1828125 0.146875
0 0.85859375 0.12734375 0.2828125 0.0546875
0 0.86015625 0.22890625 0.2796875 0.0421875
0 0.86328125 0.33046875 0.2734375 0.0609375
0 0.90234375 0.42734375 0.1953125 0.2234375
0 0.8578125 0.5265625 0.284375 0.025
0 0.21953125 0.84609375 0.3328125 0.3078125
0 0.21484375 0.69765625 0.3125 0.3125
0 0.24296875 0.55546875 0.4859375 0.0328125
0 0.8171875 0.65703125 0.365625 0.2359375
0 0.79453125 0.8875 0.4109375 0.20625