0 0.3140625 0.20625 0.071875 0.23125
0 0.315625 0.28515625 0.06875 0.2234375
0 0.10625 0.190625 0.0718505859375 0.0687744140625
0 0.10234375 0.271875 0.06722412109375 0.06873779296875
0 0.10390625 0.33828125 0.0577880859375 0.0577880859375
0 0.103125 0.390625 0.05625 0.05625
0 0.4734375 0.05 0.19375 0.1
0 0.42890625 0.275 0.1578125 0.2875
0 0.8 0.2765625 0.4 0.284375
0 0.8328125 0.2640625 0.334375 0.309375
0 0.20546875 0.453125 0.1953125 0.06875
0 0.2 0.48125 0.171875 0.125
0 0.20078125 0.50859375 0.1671875 0.1671875
0 0.20078125 0.56484375 0.16722412109375 0.16722412109375
0 0.1984375 0.66171875 0.1812408447265625 0.18277587890625