0 0.29921875 0.0953125 0.3828125 0.190625
0 0.2734375 0.15078125 0.534375 0.0953125
0 0.25078125 0.325 0.2359375 0.209375
0 0.2515625 0.36875 0.21875 0.121875
0 0.5171875 0.3234375 0.046875 0.04375
0 0.52109375 0.4046875 0.0421875 0.040625
0 0.9 0.028125 0.2 0.05625
0 0.87109375 0.18828125 0.2578125 0.2390625
0 0.63046875 0.3671875 0.0828125 0.125
0 0.61875 0.36171875 0.059375 0.1359375
0 0.21171875 0.615625 0.1953125 0.196875
0 0.503125 0.7625 0.171875 0.359375
0 0.159375 0.75703125 0.284375 0.11875