0 0.371875 0.059375 0.190625 0.11875
0 0.1234375 0.11640625 0.246875 0.0734375
0 0.38203125 0.28984375 0.2 0.2
0 0.43046875 0.21328125 0.1422119140625 0.1422119140625
0 0.11328125 0.19140625 0.2265625 0.0609375
0 0.1125 0.29296875 0.225 0.0453125
0 0.06640625 0.371875 0.1328125 0.175
0 0.7515625 0.1390625 0.2187744140625 0.2187744140625
0 0.74765625 0.02421875 0.4421875 0.0484375
0 0.7453125 0.10859375 0.25625 0.2171875
0 0.4125 0.62734375 0.19375 0.3359375
0 0.04453125 0.61640625 0.0890625 0.1734375
0 0.9453125 0.68359375 0.109375 0.1890625
0 0.93828125 0.809375 0.1234375 0.215625
0 0.609375 0.95390625 0.2 0.0921875
0 0.603125 0.95546875 0.1875 0.0890625