0 0.1453125 0.38515625 0.290625 0.4296875
0 0.1390625 0.46484375 0.278125 0.2703125
0 0.50078125 0.125 0.0421875 0.146875
0 0.91875 0.5078125 0.1625 0.184375
0 0.91484375 0.3265625 0.1703125 0.25625
0 0.534375 0.5046875 0.109375 0.190625
0 0.53984375 0.2203125 0.1203125 0.04375
0 0.5359375 0.26875 0.1125 0.140625
0 0.575 0.36953125 0.190625 0.0671875
0 0.57890625 0.4515625 0.1984375 0.03125
0 0.084375 0.69296875 0.16875 0.1859375
0 0.96640625 0.68515625 0.0671875 0.1703125
0 0.93984375 0.68359375 0.1203125 0.1671875
0 0.90234375 0.7515625 0.1953125 0.090625