0 0.4 0.19609375 0.3 0.2796875
0 0.35546875 0.3984375 0.3890625 0.121875
0 0.66796875 0.27109375 0.1359619140625 0.1359619140625
0 0.4984375 0.50390625 0.103125 0.0890625
0 0.4234375 0.5046875 0.2 0.090625
0 0.16328125 0.53828125 0.1765625 0.1578125
0 0.13984375 0.60546875 0.2796875 0.0265625
0 0.3421875 0.67109375 0.278125 0.0859375
0 0.1015625 0.66484375 0.203125 0.1046875
0 0.8390625 0.65234375 0.321875 0.0765625
0 0.83984375 0.753125 0.3203125 0.04375
0 0.83984375 0.8609375 0.3203125 0.090625
0 0.61484375 0.62890625 0.1296875 0.0953125
0 0.61484375 0.546875 0.1296875 0.05625