0 0.178125 0.13046875 0.35625 0.2609375
0 0.4015625 0.46953125 0.134375 0.3203125
0 0.1125 0.5328125 0.225 0.19375
0 0.10390625 0.44453125 0.2078125 0.2953125
0 0.67421875 0.02578125 0.1609375 0.0515625
0 0.85625 0.0421875 0.18125 0.084375
0 0.54765625 0.0515625 0.1578125 0.103125
0 0.92734375 0.21484375 0.1453125 0.2328125
0 0.68203125 0.3046875 0.1203125 0.4125
0 0.4953125 0.5265625 0.046875 0.04375
0 0.49921875 0.6078125 0.0390625 0.040625
0 0.1265625 0.6890625 0.253125 0.11875
0 0.10703125 0.8375 0.2140625 0.253125
0 0.63125 0.74140625 0.2875 0.2234375