0 0.2328125 0.2796875 0.228125 0.228125
0 0.2375 0.07265625 0.246875 0.1453125
0 0.2359375 0.1484375 0.2749542236328125 0.2718719482421875
0 0.21328125 0.2296875 0.4109375 0.0875
0 0.6390625 0.4 0.290625 0.259375
0 0.19140625 0.65625 0.3828125 0.253125
0 0.215625 0.74140625 0.33126220703125 0.33280029296875
0 0.23671875 0.9078125 0.2296875 0.184375
0 0.23671875 0.98828125 0.3546875 0.0234375
0 0.4953125 0.6078125 0.153125 0.065625
0 0.74296875 0.628125 0.3203369140625 0.1125
0 0.74140625 0.77578125 0.1796875 0.1796875