0 0.15078125 0.07578125 0.1890625 0.1515625
0 0.140625 0.26484375 0.26875 0.1703125
0 0.559375 0.05859375 0.240625 0.1171875
0 0.56015625 0.10859375 0.2390625 0.2171875
0 0.565625 0.18828125 0.228125 0.2421875
0 0.5578125 0.26484375 0.24375 0.1703125
0 0.80859375 0.0625 0.2046875 0.125
0 0.07890625 0.51328125 0.1578125 0.2015625
0 0.0671875 0.6953125 0.128125 0.1281494140625
0 0.11328125 0.70390625 0.1390869140625 0.1390869140625
0 0.56796875 0.8703125 0.2234375 0.259375
0 0.815625 0.8453125 0.2312744140625 0.2312744140625