0 0.46484375 0.0453125 0.1296875 0.090625
0 0.3953125 0.34453125 0.26875 0.2703125
0 0.60703125 0.0328125 0.1546875 0.065625
0 0.8421875 0.40703125 0.315625 0.1453125
0 0.08515625 0.53515625 0.1703125 0.1109375
0 0.65625 0.52890625 0.253125 0.0984375
0 0.91328125 0.5328125 0.1734375 0.10625
0 0.68203125 0.6546875 0.10777587890625 0.10628662109375
0 0.6609375 0.7390625 0.1218994140625 0.1218994140625
0 0.6640625 0.88359375 0.12503662109375 0.12652587890625
0 0.94296875 0.671875 0.1140625 0.03125
0 0.94140625 0.79609375 0.1171875 0.0671875
0 0.9375 0.878125 0.125 0.03125