0 0.5828125 0.30625 0.3375244140625 0.3375213623046875
0 0.57734375 0.15859375 0.3453125 0.3171875
0 0.57421875 0.0609375 0.3203125 0.121875
0 0.5765625 0.40234375 0.328125 0.1734375
0 0.9453125 0.1734375 0.109375 0.346875
0 0.671875 0.5703125 0.19375 0.1625
0 0.2046875 0.578125 0.409375 0.178125
0 0.2484375 0.6234375 0.3125 0.26875
0 0.66640625 0.67890625 0.1140380859375 0.1140380859375
0 0.6625 0.78828125 0.11563720703125 0.11717529296875
0 0.66015625 0.88984375 0.1125 0.1125
0 0.65859375 0.98828125 0.1671875 0.0234375