0 0.134375 0.15546875 0.26875 0.2828125
0 0.12890625 0.265625 0.25159912109375 0.253131103515625
0 0.13125 0.3671875 0.2624542236328125 0.2594207763671875
0 0.175 0.46875 0.35 0.05
0 0.13515625 0.53046875 0.2703125 0.1578125
0 0.1328125 0.5734375 0.265625 0.071875
0 0.66875 0.57890625 0.259375 0.0609375
0 0.33515625 0.83515625 0.4078125 0.3296875
0 0.34296875 0.88125 0.3921875 0.2375
0 0.78828125 0.91484375 0.4234375 0.1703125
0 0.81796875 0.70859375 0.2796875 0.1984375
0 0.81640625 0.74921875 0.2734619140625 0.2734619140625