0 0.07734375 0.1859375 0.1546875 0.209375
0 0.4140625 0.18828125 0.190625 0.3421875
0 0.45859375 0.53203125 0.1015625 0.2546875
0 0.89375 0.2109375 0.1937225341796875 0.1937286376953125
0 0.88828125 0.278125 0.1671630859375 0.1687042236328125
0 0.87265625 0.32890625 0.2546875 0.0484375
0 0.87578125 0.384375 0.2484375 0.046875
0 0.8796875 0.48203125 0.240625 0.0765625
0 0.87109375 0.115625 0.2578125 0.046875
0 0.11953125 0.740625 0.2109375 0.1625
0 0.34296875 0.78046875 0.3328125 0.2421875
0 0.33828125 0.89375 0.2765625 0.01875
0 0.334375 0.9859375 0.26875 0.028125
0 0.84296875 0.90234375 0.3140625 0.1953125