0 0.58828125 0.146875 0.1609375 0.29375
0 0.4203125 0.37890625 0.20628662109375 0.20777587890625
0 0.11171875 0.39453125 0.2234375 0.2453125
0 0.10078125 0.425 0.19215087890625 0.19061279296875
0 0.08515625 0.46875 0.1703125 0.140625
0 0.90703125 0.446875 0.1859375 0.184375
0 0.2875 0.7921875 0.3437255859375 0.3437225341796875
0 0.28125 0.66328125 0.315625 0.2484375
0 0.2796875 0.57421875 0.321875 0.0703125
0 0.28125 0.89921875 0.334375 0.2015625
0 0.76328125 0.62421875 0.1890625 0.1703125
0 0.80859375 0.7875 0.2796875 0.425