0 0.34765625 0.1640625 0.1421875 0.328125
0 0.34765625 0.265625 0.1421875 0.2875
0 0.315625 0.3125 0.20625 0.19375
0 0.8796875 0.15546875 0.240625 0.3109375
0 0.45078125 0.35 0.0640625 0.11875
0 0.9265625 0.35703125 0.146875 0.1046875
0 0.24453125 0.5234375 0.3484375 0.228125
0 0.26171875 0.90703125 0.2515625 0.1859375
0 0.97265625 0.5953125 0.0546875 0.165625
0 0.43828125 0.5625 0.0390625 0.30625
0 0.80546875 0.7296875 0.3890625 0.0625
0 0.8453125 0.81015625 0.309375 0.3140625
0 0.46875 0.940625 0.1 0.11875
0 0.46953125 0.76953125 0.1015625 0.1109375