0 0.25703125 0.040625 0.2296875 0.08125
0 0.2578125 0.1515625 0.2281494140625 0.2281494140625
0 0.25703125 0.07578125 0.2109375 0.1515625
0 0.6703125 0.403125 0.209326171875 0.206298828125
0 0.6671875 0.05078125 0.253125 0.1015625
0 0.66640625 0.08828125 0.2640625 0.1765625
0 0.66484375 0.146875 0.24842529296875 0.24688720703125
0 0.6671875 0.271875 0.4421875 0.0671875
0 0.66484375 0.35390625 0.4625 0.03125
0 0.1765625 0.8984375 0.353125 0.203125
0 0.65078125 0.91953125 0.3859375 0.1609375
0 0.6265625 0.8171875 0.2437744140625 0.2437255859375