0 0.04140625 0.05078125 0.0828125 0.1015625
0 0.02578125 0.16328125 0.0515625 0.1453125
0 0.15546875 0.03046875 0.2390625 0.0609375
0 0.16640625 0.05 0.2609375 0.1
0 0.31875 0.4078125 0.140625 0.103125
0 0.43671875 0.09296875 0.0953125 0.1828125
0 0.28359375 0.81015625 0.1984375 0.3796875
0 0.5984375 0.5546875 0.215625 0.190625
0 0.596875 0.6265625 0.1156005859375 0.1156005859375
0 0.86640625 0.62109375 0.184375 0.184375
0 0.52421875 0.89453125 0.2703125 0.2109375
0 0.67109375 0.91015625 0.0890625 0.1796875
0 0.8609375 0.80703125 0.278125 0.3859375
0 0.88125 0.728125 0.2375 0.29375