0 0.52890625 0.33671875 0.1796875 0.0828125
0 0.5703125 0.38984375 0.096875 0.1796875
0 0.809375 0.03515625 0.309375 0.0703125
0 0.80703125 0.05390625 0.2109375 0.1078125
0 0.82734375 0.146875 0.1296875 0.078125
0 0.83203125 0.1984375 0.2078125 0.18125
0 0.83515625 0.3296875 0.1984375 0.196875
0 0.825 0.45390625 0.24375 0.0515625
0 0.41015625 0.60859375 0.39375 0.1015625
0 0.39375 0.7890625 0.3969024658203125 0.0655792236328125
0 0.3671875 0.95234375 0.3750030517578125 0.0859130859375
0 0.77890625 0.91484375 0.2953125 0.1703125