0 0.446875 0.54453125 0.14375 0.3296875
0 0.44140625 0.3828125 0.1546875 0.340625
0 0.3875 0.20078125 0.2625 0.1390625
0 0.45078125 0.10234375 0.1359375 0.2046875
0 0.3953125 0.70859375 0.246875 0.0609375
0 0.93125 0.109375 0.1375 0.21875
0 0.90625 0.14296875 0.1875 0.1703125
0 0.9640625 0.515625 0.071875 0.109375
0 0.8375 0.3171875 0.05 0.05
0 0.83359375 0.3984375 0.0421875 0.040625
0 0.83515625 0.46484375 0.0421875 0.0265625
0 0.83515625 0.51796875 0.0421875 0.0234375
0 0.58984375 0.2109375 0.1109375 0.09375
0 0.33046875 0.865625 0.3765625 0.253125
0 0.328125 0.91875 0.284375 0.1625
0 0.91484375 0.82265625 0.1703125 0.1671875
0 0.9140625 0.9421875 0.171875 0.115625
0 0.69921875 0.86953125 0.3609375 0.2609375