0 0.12890625 0.19296875 0.1421630859375 0.1421630859375
0 0.31875 0.18515625 0.087518310546875 0.08905029296875
0 0.09921875 0.515625 0.1984375 0.33125
0 0.06328125 0.60859375 0.1265625 0.3109375
0 0.4125 0.44609375 0.065625 0.1921875
0 0.43671875 0.5109375 0.1140625 0.321875
0 0.93046875 0.709375 0.1390625 0.159375
0 0.91640625 0.7765625 0.1671875 0.05625
0 0.94296875 0.82734375 0.1140625 0.1703125
0 0.92109375 0.884375 0.1578125 0.046875
0 0.925 0.96640625 0.15 0.0453125
0 0.91640625 0.615625 0.1671875 0.046875