0 0.37421875 0.34375 0.1797119140625 0.0624755859375
0 0.384375 0.50078125 0.2 0.1984375
0 0.10078125 0.525 0.2015625 0.15
0 0.95078125 0.0515625 0.0984375 0.0875
0 0.5828125 0.43828125 0.1875 0.2296875
0 0.87890625 0.45859375 0.2421875 0.1015625
0 0.88828125 0.58359375 0.2234375 0.0328125
0 0.41484375 0.87265625 0.1484375 0.1046875
0 0.7359375 0.6359375 0.19375 0.071875
0 0.59296875 0.6296875 0.2078125 0.059375
0 0.91484375 0.90078125 0.1703125 0.1640625
0 0.9390625 0.93203125 0.121875 0.1359375