0 0.0703125 0.20546875 0.140625 0.2703125
0 0.05390625 0.3328125 0.1078125 0.171875
0 0.83359375 0.06015625 0.2609375 0.1203125
0 0.8328125 0.1125 0.25 0.225
0 0.80546875 0.20078125 0.3890625 0.0671875
0 0.8328125 0.30078125 0.2375 0.2359375
0 0.80703125 0.40625 0.3859375 0.025
0 0.13125 0.51328125 0.253125 0.1890625
0 0.59296875 0.48671875 0.2078125 0.1359375
0 0.90078125 0.50390625 0.1984375 0.1703125
0 0.64375 0.93828125 0.309375 0.1234375
0 0.88828125 0.69375 0.20777587890625 0.20628662109375