0 0.190625 0.06171875 0.28125 0.1234375
0 0.1671875 0.27578125 0.3187255859375 0.1234130859375
0 0.65 0.23515625 0.15316162109375 0.15469970703125
0 0.678125 0.20078125 0.121875 0.1421875
0 0.89375 0.1078125 0.2125 0.215625
0 0.87265625 0.4640625 0.1921875 0.190625
0 0.0765625 0.57265625 0.13125 0.0265625
0 0.08125 0.63046875 0.12183837890625 0.12030029296875
0 0.08359375 0.73203125 0.1140869140625 0.1140869140625
0 0.084375 0.8234375 0.16875 0.01875
0 0.15234375 0.91640625 0.2078125 0.1671875
0 0.15703125 0.97265625 0.2046875 0.0546875