0 0.15 0.30703125 0.3 0.3265625
0 0.96796875 0.36484375 0.0640625 0.3078125
0 0.775 0.325 0.190625 0.2124755859375
0 0.7484375 0.46796875 0.184375 0.1828125
0 0.77578125 0.53671875 0.2015625 0.0453125
0 0.30078125 0.6 0.1265625 0.08125
0 0.29609375 0.65078125 0.2015625 0.1828125
0 0.29296875 0.7875 0.20782470703125 0.2062896728515625
0 0.30234375 0.92578125 0.1890625 0.1484375
0 0.95234375 0.61171875 0.0953125 0.1046875
0 0.7671875 0.728125 0.221875 0.218798828125
0 0.59375 0.96015625 0.121875 0.0796875