0 0.40234375 0.15859375 0.4078125 0.3171875
0 0.40546875 0.0125 0.4890625 0.025
0 0.4296875 0.26640625 0.30311279296875 0.30465087890625
0 0.4515625 0.38828125 0.2375 0.1015625
0 0.18515625 0.4265625 0.0515625 0.025
0 0.89375 0.1046875 0.2030975341796875 0.2031036376953125
0 0.87109375 0.17109375 0.2578125 0.0453125
0 0.88828125 0.22265625 0.1671875 0.1671875
0 0.88828125 0.27890625 0.16094970703125 0.16094970703125
0 0.87890625 0.375 0.2421875 0.090625
0 0.89296875 0.05234375 0.1890625 0.1046875
0 0.3453125 0.56640625 0.28125 0.2546875
0 0.35078125 0.47578125 0.4671875 0.0734375
0 0.34765625 0.48984375 0.2734375 0.1015625
0 0.3375 0.8734375 0.25625 0.253125
0 0.33046875 0.9171875 0.2640625 0.165625
0 0.84375 0.6859375 0.3125 0.49375