0 0.20546875 0.2484375 0.4078125 0.0625
0 0.2609375 0.090625 0.296875 0.18125
0 0.8640625 0.128125 0.221875 0.1375
0 0.86484375 0.19921875 0.2234375 0.1609375
0 0.55859375 0.16953125 0.2984375 0.2203125
0 0.56484375 0.16015625 0.3109375 0.2015625
0 0.2921875 0.35703125 0.1312255859375 0.0515869140625
0 0.0765625 0.3625 0.153125 0.165625
0 0.31875 0.8203125 0.18125 0.059375
0 0.31875 0.9203125 0.18125 0.04375
0 0.13828125 0.79609375 0.1796875 0.0953125
0 0.13359375 0.7140625 0.1890625 0.05625
0 0.575 0.31796875 0.146875 0.0765625
0 0.53359375 0.89140625 0.2484375 0.2171875