0 0.07890625 0.05078125 0.1578125 0.1015625
0 0.1515625 0.2296875 0.2375244140625 0.2406005859375
0 0.234375 0.3390625 0.071826171875 0.071826171875
0 0.58203125 0.36875 0.1421875 0.040625
0 0.3921875 0.36953125 0.075 0.0390625
0 0.0796875 0.53125 0.159375 0.19375
0 0.125 0.58515625 0.25 0.0578125
0 0.1171875 0.63984375 0.234375 0.0703125
0 0.0875 0.69921875 0.175 0.2109375
0 0.72109375 0.75859375 0.1390625 0.159375
0 0.69921875 0.89296875 0.1 0.1765380859375
0 0.73125 0.9609375 0.109375 0.078125