0 0.1234375 0.3171875 0.234375 0.234375
0 0.3078125 0.534375 0.084375 0.109375
0 0.52890625 0.11875 0.21094970703125 0.21248779296875
0 0.70625 0.2546875 0.1124755859375 0.1093994140625
0 0.18515625 0.89921875 0.1953125 0.1953125
0 0.23125 0.821875 0.137548828125 0.137548828125
0 0.23125 0.75078125 0.12498779296875 0.12344970703125
0 0.23359375 0.6796875 0.13905029296875 0.13753662109375
0 0.68984375 0.8203125 0.20469970703125 0.20623779296875
0 0.4796875 0.9625 0.225 0.075
0 0.80234375 0.934375 0.2171875 0.13125