0 0.4984375 0.178125 0.11875 0.171875
0 0.5 0.24140625 0.10316162109375 0.10469970703125
0 0.51171875 0.28828125 0.1453125 0.0203125
0 0.50859375 0.340625 0.1390625 0.04375
0 0.50390625 0.42890625 0.1296875 0.0703125
0 0.51328125 0.090625 0.1484375 0.04375
0 0.94140625 0.146875 0.1171875 0.04375
0 0.94140625 0.228125 0.1171875 0.040625
0 0.94140625 0.29453125 0.1171875 0.0234375
0 0.94140625 0.34765625 0.1171875 0.0203125
0 0.0796875 0.8796875 0.159375 0.240625
0 0.5875 0.9453125 0.19375 0.109375