0 0.25625 0.22890625 0.165625 0.1609375
0 0.27265625 0.2125 0.1328125 0.19375
0 0.27578125 0.18359375 0.1265625 0.1484375
0 0.27734375 0.3890625 0.1234375 0.159375
0 0.26796875 0.5515625 0.1421875 0.153125
0 0.27890625 0.4484375 0.1203125 0.175
0 0.0703125 0.3546875 0.0781494140625 0.0781494140625
0 0.06640625 0.4359375 0.0859130859375 0.046875
0 0.06796875 0.50234375 0.05777587890625 0.05777587890625
0 0.06796875 0.55546875 0.0859375 0.0234375
0 0.6421875 0.49375 0.318701171875 0.318701171875
0 0.9078125 0.7265625 0.184375 0.240625
0 0.953125 0.81015625 0.09375 0.2140625