0 0.55234375 0.115625 0.1140625 0.23125
0 0.53125 0.31640625 0.15625 0.2046875
0 0.31640625 0.3671875 0.2828125 0.103125
0 0.9640625 0.284375 0.071875 0.2
0 0.96328125 0.32421875 0.0734375 0.1890625
0 0.96484375 0.35234375 0.0703125 0.1328125
0 0.0796875 0.478125 0.159375 0.11875
0 0.43828125 0.57890625 0.3421875 0.0390625
0 0.48125 0.66015625 0.25625 0.3015625
0 0.08203125 0.94453125 0.1640625 0.1109375
0 0.0515625 0.790625 0.103125 0.30625
0 0.05078125 0.61875 0.1015625 0.303125
0 0.64921875 0.65234375 0.0796875 0.1359375
0 0.74609375 0.828125 0.2734375 0.309375
0 0.7203125 0.8578125 0.221875 0.284375