0 0.20078125 0.06015625 0.2953125 0.0875
0 0.20234375 0.2046875 0.19840087890625 0.1968658447265625
0 0.1921875 0.3921875 0.340625 0.115625
0 0.8234375 0.184375 0.346875 0.05625
0 0.08125 0.55078125 0.1625 0.2015625
0 0.09609375 0.78515625 0.1921875 0.2953125
0 0.4765625 0.55078125 0.346875 0.2015625
0 0.3875 0.94921875 0.153125 0.1015625
0 0.38671875 0.9484375 0.1515625 0.103125
0 0.38671875 0.9484375 0.1515625 0.103125
0 0.76875 0.50703125 0.184375 0.1140625
0 0.94765625 0.56484375 0.1046875 0.0640625
0 0.76015625 0.73828125 0.2046875 0.2046875
0 0.715625 0.6609375 0.13125 0.140625
0 0.953125 0.9484375 0.09375 0.03125