0 0.23125 0.22890625 0.22811279296875 0.22657470703125
0 0.23125 0.4125 0.35 0.096923828125
0 0.23125 0.3078125 0.2125244140625 0.2125213623046875
0 0.6921875 0.04375 0.16875 0.0875
0 0.69296875 0.1359375 0.1734619140625 0.1718994140625
0 0.6734375 0.28046875 0.15 0.1484619140625
0 0.84921875 0.09140625 0.2484375 0.1828125
0 0.859375 0.1109375 0.271875 0.221875
0 0.72421875 0.5796875 0.4703125 0.21875
0 0.17109375 0.80234375 0.2578125 0.2265625
0 0.66484375 0.79609375 0.134375 0.134375
0 0.70859375 0.88984375 0.2546875 0.2203125
0 0.69296875 0.96640625 0.2640625 0.0671875