0 0.334375 0.18359375 0.20311279296875 0.20159912109375
0 0.3328125 0.10703125 0.19058837890625 0.18905029296875
0 0.30859375 0.034375 0.2609375 0.04375
0 0.3203125 0.50546875 0.2375 0.0671875
0 0.346875 0.596875 0.1718994140625 0.1718994140625
0 0.6578125 0.31875 0.2343505859375 0.2343505859375
0 0.74765625 0.5375 0.5046875 0.325
0 0.36796875 0.8375 0.1421875 0.275
0 0.3796875 0.7640625 0.11875 0.128125
0 0.328125 0.9609375 0.221875 0.078125
0 0.7203125 0.84140625 0.3125 0.2828125
0 0.93046875 0.7703125 0.1390625 0.140625