0 0.10390625 0.46484375 0.2078125 0.1296875
0 0.61171875 0.16328125 0.2375 0.2375
0 0.6171875 0.36171875 0.3874542236328125 0.0734619140625
0 0.11484375 0.5859375 0.2296875 0.1125
0 0.11484375 0.74453125 0.2296875 0.2328125
0 0.9328125 0.71640625 0.134375 0.0921875
0 0.93203125 0.61171875 0.1359375 0.0546875
0 0.753125 0.534375 0.090625 0.009375
0 0.74921875 0.5984375 0.0828125 0.040625
0 0.75078125 0.66484375 0.0859375 0.0234375
0 0.75078125 0.71796875 0.0859375 0.0203125
0 0.8140625 0.95625 0.2125 0.0875