0 0.31171875 0.37890625 0.1546875 0.1421875
0 0.13984375 0.38828125 0.1640625 0.1234375
0 0.71796875 0.09375 0.2421875 0.1875
0 0.74609375 0.16484375 0.1672119140625 0.1672119140625
0 0.70078125 0.384375 0.3265625 0.13125
0 0.19453125 0.56328125 0.3890625 0.2265625
0 0.1890625 0.75546875 0.378125 0.3796875
0 0.19375 0.84375 0.3875 0.3125
0 0.92265625 0.49375 0.1546875 0.0875
0 0.54296875 0.553125 0.2234375 0.20625
0 0.57890625 0.4953125 0.3796875 0.03125
0 0.9421875 0.90546875 0.10625 0.1890625
0 0.94453125 0.634375 0.1109375 0.115625
0 0.7234375 0.94140625 0.33125 0.1171875