0 0.0671875 0.23515625 0.134375 0.3234375
0 0.05 0.34453125 0.1 0.1546875
0 0.4140625 0.046875 0.15 0.09375
0 0.4171875 0.07890625 0.14375 0.1578125
0 0.39765625 0.32109375 0.1828125 0.3171875
0 0.26875 0.57578125 0.30625 0.0859375
0 0.5984375 0.121875 0.21875 0.24375
0 0.5578125 0.125 0.1375 0.25
0 0.64765625 0.4125 0.3171875 0.4125
0 0.10546875 0.6828125 0.2109375 0.128125
0 0.43828125 0.8015625 0.1015625 0.275
0 0.40078125 0.93046875 0.1765625 0.1390625
0 0.5796875 0.721875 0.18125 0.20625
0 0.9515625 0.78671875 0.096875 0.3359375