0 0.06953125 0.059375 0.1390625 0.11875
0 0.3125 0.0328125 0.321875 0.065625
0 0.30546875 0.02265625 0.4078125 0.0453125
0 0.04921875 0.20234375 0.0984375 0.1078125
0 0.053125 0.28671875 0.10625 0.1046875
0 0.0453125 0.43125 0.090625 0.128125
0 0.4 0.4828125 0.21875 0.1125
0 0.41328125 0.21953125 0.1921875 0.1984375
0 0.37734375 0.34375 0.2640625 0.0875
0 0.37421875 0.4265625 0.2703125 0.071875
0 0.634375 0.290625 0.25 0.40625
0 0.434375 0.64375 0.15 0.209375
0 0.11796875 0.85625 0.2359375 0.2875
0 0.45234375 0.94375 0.1140625 0.1125
0 0.9109375 0.94765625 0.178125 0.0953125