0 0.15234375 0.12734375 0.1359619140625 0.1359619140625
0 0.48046875 0.2078125 0.26402587890625 0.26248779296875
0 0.49375 0.38515625 0.271875 0.2296875
0 0.115625 0.2375 0.23125 0.246875
0 0.12734375 0.3828125 0.2546875 0.234375
0 0.15078125 0.45703125 0.1609375 0.0859375
0 0.4375 0.56328125 0.284375 0.1265625
0 0.4328125 0.9765625 0.39375 0.046875
0 0.44453125 0.80703125 0.25152587890625 0.25152587890625
0 0.428125 0.896875 0.403125 0.084375
0 0.9578125 0.54140625 0.084375 0.0828125
0 0.83671875 0.63125 0.06402587890625 0.06248779296875
0 0.83203125 0.7 0.0672119140625 0.068701171875
0 0.83359375 0.76640625 0.0640380859375 0.0640380859375
0 0.83359375 0.81953125 0.0578125 0.0578125