0 0.0765625 0.24609375 0.153125 0.3859375
0 0.36484375 0.025 0.2078125 0.05
0 0.37109375 0.1265625 0.1953125 0.11875
0 0.39453125 0.27109375 0.1484375 0.2078125
0 0.88515625 0.06328125 0.2296875 0.1265625
0 0.34453125 0.5296875 0.2328125 0.18125
0 0.31953125 0.68671875 0.2984375 0.0890625
0 0.31796875 0.58203125 0.3015625 0.0953125
0 0.0578125 0.4875 0.0749755859375 0.0718994140625
0 0.05390625 0.56875 0.084375 0.0437744140625
0 0.05546875 0.63515625 0.0609130859375 0.0609130859375
0 0.05546875 0.68828125 0.0859375 0.0203125
0 0.11875 0.94140625 0.2125 0.1171875
0 0.5796875 0.59765625 0.221875 0.2328125