0 0.2765625 0.1140625 0.253125 0.228125
0 0.29375 0.2828125 0.25 0.253125
0 0.32109375 0.3921875 0.1921875 0.190625
0 0.31875 0.50234375 0.23125 0.1140625
0 0.32109375 0.5265625 0.1796875 0.178125
0 0.30703125 0.553125 0.2109375 0.209375
0 0.03984375 0.559375 0.0796875 0.21875
0 0.90234375 0.346875 0.1953125 0.3625
0 0.584375 0.88984375 0.23125 0.2203125
0 0.26796875 0.9328125 0.2921875 0.134375
0 0.82421875 0.709375 0.2484375 0.08125
0 0.92578125 0.76171875 0.1484375 0.0859375
0 0.95 0.89375 0.1 0.2125