0 0.09375 0.12421875 0.1875 0.2484375
0 0.51640625 0.21171875 0.1046875 0.2078125
0 0.33359375 0.2359375 0.15625 0.171875
0 0.69765625 0.21015625 0.2578125 0.2578125
0 0.1859375 0.45546875 0.3 0.2328125
0 0.50859375 0.5453125 0.1203125 0.4125
0 0.86015625 0.48671875 0.2796875 0.2953125
0 0.890625 0.4015625 0.21875 0.125
0 0.8359375 0.59375 0.328125 0.13125
0 0.92421875 0.78359375 0.1515625 0.2234375
0 0.89375 0.96484375 0.2125 0.0703125
0 0.8921875 0.86171875 0.215625 0.0546875
0 0.6953125 0.7671875 0.046875 0.04375
0 0.69140625 0.8484375 0.0390625 0.040625
0 0.69296875 0.91484375 0.0421875 0.0234375
0 0.69296875 0.96796875 0.0421875 0.0203125