0 0.121875 0.2671875 0.2000244140625 0.2000244140625
0 0.1203125 0.36875 0.240625 0.240625
0 0.32734375 0.334375 0.1234375 0.309375
0 0.34375 0.29921875 0.090625 0.2703125
0 0.48203125 0.1015625 0.1859375 0.203125
0 0.065625 0.55625 0.13125 0.134375
0 0.0515625 0.61171875 0.103125 0.2453125
0 0.05 0.6953125 0.1 0.26875
0 0.05234375 0.79609375 0.1046875 0.2828125
0 0.0515625 0.88125 0.103125 0.2375
0 0.03515625 0.91953125 0.0703125 0.1609375
0 0.32734375 0.57734375 0.1234375 0.1765625
0 0.4546875 0.65703125 0.13125 0.3359375