0 0.08125 0.18125 0.053125 0.053125
0 0.08515625 0.2625 0.04532470703125 0.04378662109375
0 0.08359375 0.32890625 0.0359375 0.0359375
0 0.08359375 0.38203125 0.034375 0.034375
0 0.32890625 0.075 0.10469970703125 0.10623779296875
0 0.61875 0.175 0.4 0.35
0 0.55390625 0.446875 0.22655029296875 0.22501220703125
0 0.76015625 0.4515625 0.16402587890625 0.16251220703125
0 0.54921875 0.75859375 0.2609375 0.1578125
0 0.53359375 0.78671875 0.2296875 0.2546875
0 0.9234375 0.73671875 0.153125 0.2453125
0 0.8375 0.86171875 0.325 0.2765625