0 0.39375 0.15703125 0.15 0.3140625
0 0.18203125 0.1609375 0.3640625 0.321875
0 0.79453125 0.35625 0.3078125 0.1875
0 0.5265625 0.34375 0.1125244140625 0.1124755859375
0 0.528125 0.18515625 0.11875 0.0859375
0 0.43203125 0.62421875 0.0734375 0.2265625
0 0.16171875 0.646875 0.21094970703125 0.21248779296875
0 0.1640625 0.73125 0.124951171875 0.124951171875
0 0.2609375 0.953125 0.296875 0.09375
0 0.0890625 0.9625 0.0875 0.075
0 0.95546875 0.8890625 0.0890625 0.221875
0 0.61484375 0.93671875 0.2921875 0.1265625