0 0.090625 0.08046875 0.18125 0.1609375
0 0.34765625 0.03203125 0.1828125 0.0640625
0 0.38359375 0.33828125 0.1109375 0.2421875
0 0.5296875 0.1359375 0.18125 0.271875
0 0.53359375 0.0984375 0.1890625 0.196875
0 0.55859375 0.01796875 0.2390625 0.0359375
0 0.51328125 0.03359375 0.1484375 0.0671875
0 0.51953125 0.39453125 0.1609375 0.1296875
0 0.94296875 0.3625 0.1140625 0.19375
0 0.09921875 0.6328125 0.1984375 0.265625
0 0.3046875 0.5859375 0.26875 0.253125
0 0.0484375 0.875 0.096875 0.115625
0 0.35390625 0.8625 0.1703125 0.275