0 0.2234375 0.08046875 0.153125 0.0828125
0 0.06328125 0.0625 0.1265625 0.125
0 0.05859375 0.01875 0.1171875 0.0375
0 0.75234375 0.221875 0.2859375 0.275
0 0.75859375 0.15078125 0.4672119140625 0.0609619140625
0 0.75546875 0.10234375 0.2546875 0.2046875
0 0.08359375 0.44609375 0.1671875 0.1640625
0 0.09765625 0.51640625 0.1953125 0.0296875
0 0.2328125 0.58125 0.134375 0.184375
0 0.0390625 0.575 0.078125 0.203125
0 0.85078125 0.66171875 0.2984375 0.3703125
0 0.8390625 0.44453125 0.321875 0.0671875
0 0.49375 0.76328125 0.1562744140625 0.1765380859375