0 0.08359375 0.125 0.1671875 0.25
0 0.06796875 0.1046875 0.1359375 0.209375
0 0.49921875 0.27109375 0.1796875 0.0953125
0 0.66328125 0.09921875 0.1484375 0.1609375
0 0.92734375 0.21875 0.1453125 0.2
0 0.08359375 0.5953125 0.13902587890625 0.13753662109375
0 0.38203125 0.4890625 0.14217529296875 0.14371337890625
0 0.0546875 0.7734375 0.109375 0.25
0 0.09765625 0.83671875 0.1953125 0.1109375
0 0.46171875 0.68984375 0.2546875 0.0546875
0 0.48515625 0.84140625 0.2078125 0.2171875
0 0.76796875 0.46875 0.3578125 0.3
0 0.77890625 0.50546875 0.3796875 0.3734375
0 0.74296875 0.83125 0.3078125 0.3375