0 0.9515625 0.32265625 0.096875 0.3546875
0 0.6109375 0.5640625 0.278125 0.128125
0 0.56484375 0.546875 0.3703125 0.09375
0 0.65234375 0.703125 0.1953125 0.209375
0 0.65625 0.746875 0.1875 0.121875
0 0.40625 0.7015625 0.046875 0.04375
0 0.40234375 0.7828125 0.0421875 0.040625
0 0.090625 0.59296875 0.18125 0.1859375
0 0.29296875 0.7453125 0.0828125 0.125
0 0.3046875 0.73984375 0.059375 0.1359375
0 0.68203125 0.94765625 0.1359375 0.1046875
0 0.86171875 0.53984375 0.1640625 0.0796875
0 0.8328125 0.90703125 0.10625 0.1859375
0 0.8546875 0.6375 0.15 0.115625