0 0.2484375 0.09609375 0.38125 0.1921875
0 0.2671875 0.10625 0.28125 0.2125
0 0.21953125 0.22109375 0.4390625 0.1359375
0 0.825 0.21796875 0.34375 0.1421875
0 0.8265625 0.11328125 0.246875 0.2265625
0 0.15703125 0.9671875 0.3140625 0.065625
0 0.146875 0.4078125 0.265625 0.2375
0 0.14765625 0.503125 0.26717529296875 0.2656585693359375
0 0.1453125 0.6046875 0.2562286376953125 0.2562225341796875
0 0.184375 0.70625 0.36875 0.03125
0 0.1828125 0.83046875 0.365625 0.0671875
0 0.1890625 0.9125 0.378125 0.03125
0 0.946875 0.43515625 0.10625 0.2578125
0 0.60703125 0.3390625 0.2109375 0.1
0 0.575 0.52109375 0.271875 0.3828125
0 0.5484375 0.36640625 0.21875 0.1546875