0 0.3625 0.14609375 0.134375 0.2328125
0 0.365625 0.2984375 0.128125 0.1625
0 0.36640625 0.22421875 0.1265625 0.2203125
0 0.146875 0.1296875 0.046923828125 0.043798828125
0 0.14296875 0.2109375 0.04217529296875 0.04371337890625
0 0.14453125 0.27734375 0.0359375 0.0359375
0 0.14453125 0.33046875 0.0328369140625 0.0328369140625
0 0.63125 0.08515625 0.403125 0.1703125
0 0.596875 0.3265625 0.334375 0.10625
0 0.64453125 0.440625 0.2265625 0.121875
0 0.64140625 0.53359375 0.21715087890625 0.21715087890625
0 0.6390625 0.60390625 0.13753662109375 0.13907470703125