0 0.26015625 0.20703125 0.1171875 0.4140625
0 0.76328125 0.19375 0.1203125 0.3875
0 0.43515625 0.13515625 0.2328125 0.2703125
0 0.4046875 0.05 0.171875 0.1
0 0.459375 0.2296875 0.28125 0.13125
0 0.37109375 0.41953125 0.1046875 0.2234375
0 0.4015625 0.5921875 0.165625 0.053125
0 0.403125 0.49765625 0.16875 0.0546875
0 0.5765625 0.403125 0.046875 0.04375
0 0.58046875 0.484375 0.0390625 0.040625
0 0.57890625 0.55078125 0.0421875 0.0234375
0 0.57890625 0.60390625 0.0421875 0.0203125
0 0.22734375 0.6703125 0.1828125 0.103125
0 0.06953125 0.86875 0.0578125 0.184375
0 0.7515625 0.809375 0.496875 0.38125