0 0.23984375 0.3078125 0.2203125 0.103125
0 0.73984375 0.221875 0.2984375 0.275
0 0.1328125 0.5265625 0.265625 0.334375
0 0.09453125 0.784375 0.1890625 0.209375
0 0.0953125 0.88203125 0.190625 0.2359375
0 0.08125 0.91875 0.1625 0.1625
0 0.86484375 0.7109375 0.14219970703125 0.14373779296875
0 0.56640625 0.6046875 0.1046630859375 0.1812744140625
0 0.93671875 0.87109375 0.1265625 0.2578125
0 0.87578125 0.9390625 0.2484375 0.121875
0 0.48203125 0.80546875 0.2640625 0.0546875
0 0.459375 0.92421875 0.215625 0.1515625