0 0.1640625 0.20078125 0.2375244140625 0.2375
0 0.1640625 0.384375 0.225048828125 0.225
0 0.1640625 0.2796875 0.225048828125 0.2250213623046875
0 0.4515625 0.184375 0.0687744140625 0.0687255859375
0 0.45546875 0.265625 0.084375 0.04375
0 0.45390625 0.33203125 0.0859619140625 0.0296875
0 0.45390625 0.38515625 0.0578125 0.0578125
0 0.38984375 0.65234375 0.2265625 0.1546875
0 0.68125 0.11875 0.2625 0.2375
0 0.79765625 0.28984375 0.140625 0.140625
0 0.1890625 0.86484375 0.378125 0.2703125
0 0.2328125 0.9484375 0.465625 0.090625
0 0.78359375 0.86484375 0.2953125 0.2703125