0 0.44140625 0.0640625 0.0640625 0.128125
0 0.44765625 0.1921875 0.0765625 0.146875
0 0.94453125 0.06875 0.1109375 0.1375
0 0.81640625 0.1765625 0.1890625 0.178125
0 0.878125 0.33046875 0.24375 0.1296875
0 0.88984375 0.4453125 0.2203125 0.253125
0 0.91796875 0.5484375 0.1640625 0.18125
0 0.921875 0.609375 0.15625 0.059375
0 0.9171875 0.615625 0.165625 0.046875
0 0.053125 0.85078125 0.10625 0.1515625
0 0.03125 0.95 0.0625 0.1
0 0.8734375 0.68515625 0.253125 0.0921875
0 0.8734375 0.74921875 0.253125 0.0265625
0 0.875 0.8 0.25 0.021875
0 0.878125 0.85625 0.24375 0.046875
0 0.88203125 0.95390625 0.2359375 0.0765625