0 0.15859375 0.31953125 0.3171875 0.0609375
0 0.11171875 0.1234375 0.2234375 0.246875
0 0.1640625 0.209375 0.328125 0.09375
0 0.865625 0.1890625 0.26875 0.321875
0 0.4484375 0.78515625 0.08125 0.1671875
0 0.67265625 0.515625 0.3671875 0.33125
0 0.640625 0.42890625 0.303125 0.1578125
0 0.64140625 0.6375 0.3046875 0.321875
0 0.6125 0.82734375 0.228076171875 0.225
0 0.6125 0.94765625 0.228125 0.1046875
0 0.6390625 0.90546875 0.3 0.0953125
0 0.878125 0.8109375 0.046875 0.04375
0 0.88203125 0.8921875 0.0390625 0.040625
0 0.88046875 0.95859375 0.0421875 0.0234375