0 0.5765625 0.140625 0.20625 0.28125
0 0.4171875 0.11953125 0.24375 0.2390625
0 0.05703125 0.10625 0.1140625 0.2125
0 0.51953125 0.5453125 0.3203125 0.0875
0 0.546875 0.69375 0.265625 0.209375
0 0.2171875 0.88359375 0.153125 0.2328125
0 0.21796875 0.865625 0.1515625 0.2
0 0.21796875 0.83125 0.1515625 0.13125
0 0.7890625 0.6171875 0.196875 0.05625
0 0.78828125 0.6921875 0.18594970703125 0.18441162109375
0 0.76875 0.83671875 0.159375 0.1390869140625
0 0.91796875 0.67109375 0.1640625 0.1640625
0 0.925 0.70078125 0.15 0.2234375