0 0.2875 0.1546875 0.353125 0.309375
0 0.08203125 0.14453125 0.1640625 0.2796875
0 0.1734375 0.36328125 0.175 0.0672119140625
0 0.19609375 0.30078125 0.1547119140625 0.0453125
0 0.37109375 0.653125 0.31094970703125 0.30941162109375
0 0.85 0.49140625 0.3 0.1484375
0 0.89609375 0.3296875 0.2078125 0.3375
0 0.8421875 0.14765625 0.315625 0.1578125
0 0.90078125 0.665625 0.1984375 0.31875
0 0.8453125 0.83671875 0.309375 0.0640625
0 0.06171875 0.90390625 0.1234375 0.0703125
0 0.046875 0.9109375 0.09375 0.084375
0 0.95078125 0.934375 0.0984375 0.13125