0 0.7171875 0.115625 0.215625 0.23125
0 0.8359375 0.290625 0.1625 0.05625
0 0.8359375 0.30078125 0.16875 0.0765625
0 0.83515625 0.3296875 0.2734375 0.01875
0 0.15859375 0.9109375 0.2546875 0.178125
0 0.8421875 0.4984375 0.315625 0.31875
0 0.8140625 0.3484375 0.371875 0.01875
0 0.81484375 0.590625 0.3703125 0.134375
0 0.896875 0.78046875 0.20625 0.2484375
0 0.87109375 0.9546875 0.2578125 0.090625
0 0.9046875 0.859375 0.190625 0.215625
0 0.6515625 0.7640625 0.05 0.05
0 0.64765625 0.8453125 0.0421875 0.040625
0 0.64921875 0.91171875 0.0421875 0.0265625
0 0.64921875 0.96484375 0.0421875 0.0234375