0 0.18984375 0.20390625 0.3796875 0.4078125
0 0.45390625 0.12109375 0.0484375 0.2203125
0 0.90625 0.0078125 0.1875 0.015625
0 0.909375 0.09609375 0.18125 0.0609375
0 0.9484375 0.19296875 0.103125 0.2234375
0 0.90390625 0.2921875 0.1921875 0.025
0 0.50390625 0.32109375 0.1484375 0.0328125
0 0.86328125 0.40703125 0.2734375 0.2046875
0 0.040625 0.6859375 0.08125 0.140625
0 0.08671875 0.67265625 0.1734375 0.0578125
0 0.078125 0.78046875 0.15625 0.1328125
0 0.61171875 0.53984375 0.3640625 0.0609375
0 0.61171875 0.80859375 0.3640625 0.0859375
0 0.896875 0.92578125 0.20625 0.1484375