0 0.19453125 0.06796875 0.1484375 0.1359375
0 0.040625 0.50546875 0.08125 0.0671875
0 0.24140625 0.3890625 0.4171875 0.3
0 0.8140625 0.2640625 0.299969482421875 0.084381103515625
0 0.80859375 0.33125 0.290625 0.0406036376953125
0 0.80859375 0.38203125 0.1578125 0.1578125
0 0.80859375 0.43828125 0.275 0.0640380859375
0 0.80546875 0.49609375 0.1640625 0.0859375
0 0.8140625 0.16953125 0.1781463623046875 0.1796630859375
0 0.04765625 0.6140625 0.0953125 0.15
0 0.0484375 0.72890625 0.096875 0.2015625
0 0.034375 0.8734375 0.06875 0.1625
0 0.21953125 0.59453125 0.2640625 0.1109375
0 0.53828125 0.66953125 0.1171875 0.1109375
0 0.5375 0.8140625 0.115625 0.103125
0 0.51171875 0.93046875 0.0640625 0.1390625