0 0.1375 0.38984375 0.275 0.2984375
0 0.6703125 0.3453125 0.2625 0.3875
0 0.66875 0.2125 0.259375 0.334375
0 0.7203125 0.0546875 0.3625 0.08125
0 0.715625 0.50625 0.353125 0.065625
0 0.41484375 0.9734375 0.1671875 0.053125
0 0.41875 0.60703125 0.15 0.1359375
0 0.7328125 0.57578125 0.1375 0.0734375
0 0.9515625 0.60390625 0.096875 0.1296875
0 0.72421875 0.75078125 0.1296875 0.2609375
0 0.67578125 0.67421875 0.2265625 0.0421875
0 0.9390625 0.65234375 0.121875 0.0359375
0 0.940625 0.7546875 0.11875 0.03125
0 0.94140625 0.87890625 0.1171875 0.0671875
0 0.93515625 0.9609375 0.1296875 0.03125