0 0.0890625 0.15703125 0.178125 0.2515625
0 0.2296875 0.5171875 0.2125 0.14375
0 0.2765625 0.475 0.1374755859375 0.1374755859375
0 0.2765625 0.40390625 0.13751220703125 0.13902587890625
0 0.27890625 0.3328125 0.2140869140625 0.046923828125
0 0.50390625 0.040625 0.1890625 0.08125
0 0.42890625 0.33125 0.0390625 0.18125
0 0.84375 0.42421875 0.3125 0.3296875
0 0.04375 0.68828125 0.0875 0.1984375
0 0.846875 0.6375 0.1625 0.096875
0 0.50546875 0.8125 0.1921875 0.24375
0 0.9 0.8390625 0.2 0.20625
0 0.89609375 0.92109375 0.2078125 0.1578125