0 0.09609375 0.07265625 0.1484375 0.1453125
0 0.1171875 0.43046875 0.178125 0.1390625
0 0.3703125 0.2 0.178125 0.3375
0 0.56953125 0.14140625 0.2203125 0.2828125
0 0.54453125 0.0359375 0.1703125 0.071875
0 0.5609375 0.20703125 0.203125 0.3140625
0 0.5171875 0.3796875 0.115625 0.240625
0 0.503125 0.434375 0.0875 0.13125
0 0.7046875 0.38125 0.05 0.05
0 0.70859375 0.4625 0.0421875 0.040625
0 0.9484375 0.275 0.103125 0.09375
0 0.2125 0.89453125 0.328125 0.2109375
0 0.52421875 0.909375 0.1296875 0.18125