0 0.334375 0.146875 0.18125 0.18125
0 0.33671875 0.271875 0.2015625 0.2
0 0.33125 0.4359375 0.2375 0.146875
0 0.9265625 0.25 0.146875 0.2625
0 0.78046875 0.4203125 0.1890625 0.178125
0 0.265625 0.60546875 0.346875 0.1921875
0 0.259375 0.64296875 0.3 0.2671875
0 0.2515625 0.73671875 0.3375 0.3390625
0 0.8515625 0.57421875 0.2625 0.1296875
0 0.86875 0.6890625 0.25 0.253125
0 0.89609375 0.7984375 0.1921875 0.19375
0 0.89375 0.90859375 0.171875 0.1703125
0 0.8953125 0.91796875 0.19375 0.1640625
0 0.85078125 0.959375 0.2984375 0.028125
0 0.5453125 0.9296875 0.190625 0.140625