0 0.2328125 0.49453125 0.253125 0.1484375
0 0.82734375 0.1453125 0.3265625 0.290625
0 0.8671875 0.27890625 0.265625 0.2765625
0 0.31015625 0.9421875 0.0984375 0.115625
0 0.19140625 0.6359375 0.1890625 0.134375
0 0.228125 0.69765625 0.11561279296875 0.11715087890625
0 0.21484375 0.80859375 0.0953369140625 0.0953369140625
0 0.21953125 0.8328125 0.11409912109375 0.11558837890625
0 0.175 0.859375 0.096826171875 0.096875
0 0.0359375 0.86796875 0.071875 0.1703125
0 0.75078125 0.59921875 0.1890625 0.0609375
0 0.4078125 0.88671875 0.096875 0.1078125