0 0.35078125 0.03046875 0.2578125 0.0609375
0 0.0875 0.0703125 0.175 0.140625
0 0.04765625 0.0875 0.0953125 0.175
0 0.05078125 0.16484375 0.1015625 0.2484375
0 0.35625 0.6546875 0.246875 0.06875
0 0.83828125 0.175 0.1125 0.2500244140625
0 0.57578125 0.26796875 0.1797119140625 0.1797119140625
0 0.84765625 0.44140625 0.209375 0.209375
0 0.89609375 0.36484375 0.1359375 0.1359375
0 0.5859375 0.34296875 0.2125 0.0609375
0 0.534375 0.44453125 0.109375 0.2421875
0 0.58359375 0.56953125 0.2078125 0.0671875
0 0.58984375 0.6515625 0.2203125 0.03125
0 0.1390625 0.86328125 0.278125 0.2734375