0 0.31796875 0.04296875 0.1796875 0.0859375
0 0.87734375 0.13828125 0.2453125 0.2765625
0 0.8859375 0.3578125 0.228125 0.24375
0 0.603125 0.1625 0.2875 0.325
0 0.39140625 0.56484375 0.1359375 0.1703125
0 0.403125 0.8125 0.1125 0.325
0 0.08828125 0.94375 0.1765625 0.0625
0 0.06484375 0.54765625 0.1296875 0.1359375
0 0.11171875 0.5859375 0.2234375 0.05
0 0.0578125 0.6875 0.115625 0.2375
0 0.109375 0.81171875 0.21875 0.0671875
0 0.11328125 0.89375 0.2265625 0.03125
0 0.54765625 0.58203125 0.1546875 0.1546875
0 0.5734375 0.64921875 0.10623779296875 0.10472412109375
0 0.5421875 0.7 0.08125 0.165625
0 0.56953125 0.75625 0.1359375 0.078125
0 0.5453125 0.846875 0.0875 0.1625
0 0.54140625 0.52734375 0.0796875 0.0953125